1
8
18
29
38
82
83
131
137
141
144
145
219
264
278
301
393
399
457
492
494
512
517
565
568
674
696
797
798
800
867
919
953
970
1040
1149
1176
1275
1276
1308
1310
1369
1374
1378
1416
1418
1523
1544
1571
1577
1614
1683
1745
1746
1755
1757
1761
1880
1886
1889
1957
1962
1965
2026
2160
2191
2289
2351
2369
2378
2385
2389
2390
2393
2409
2537
2605
2625
2650
2651
2690
2750
2755
2807
2813
2872
2895
2898
2900
2910
2911
2913
2984
2988
3035
3046
3055
3201
3218
3227
3248
3279
3466
3551
3572
3905
3995
4063
4072
4256
4345
4344
4602
4693
4694
5218
5363
5403
5065
5067
5687
5700
5878
5908
6122
6193
6539
7874
7904
7931
7951
8031
8370
8371
8372
8500
8674
8781
9114
9145
9154
9291
10005
10618
10924
10925
11427
11942
12185
12451
12627
12628
12629
12923
13146
14588
15918
16661
16835
16847
16998
17007
17075
17079
17081
17396
17440
17451
17482
17521
17552
17594
17612
17651
17718
17719
18283
18385
18809
19841
19904
20083
20231
20927
21483
21755
22789
22972